#! FIELDS ID WEIGHTS  mu_0  mu_1  mu_2  mu_3  mu_4  cov_0_0  cov_0_1  cov_0_2  cov_0_3  cov_0_4  cov_1_0  cov_1_1  cov_1_2  cov_1_3  cov_1_4  cov_2_0  cov_2_1  cov_2_2  cov_2_3  cov_2_4  cov_3_0  cov_3_1  cov_3_2  cov_3_3  cov_3_4  cov_4_0  cov_4_1  cov_4_2  cov_4_3  cov_4_4 
0 0.084649  1.458558  2.992862  3.469830  2.573138  3.380756  0.001324  -0.000632  0.000392  -0.000721  0.000239  -0.000632  0.067730  -0.008082  0.038058  0.017348  0.000392  -0.008082  0.016859  0.011177  -0.001020  -0.000721  0.038058  0.011177  0.049055  -0.004591  0.000239  0.017348  -0.001020  -0.004591  0.025878 
1 0.181530  1.457129  2.567832  3.532240  2.536846  3.434174  0.001281  -0.000664  -0.000038  -0.000252  -0.000032  -0.000664  0.061498  -0.000037  0.031107  0.013276  -0.000038  -0.000037  0.009030  0.008553  0.001480  -0.000252  0.031107  0.008553  0.061193  -0.007769  -0.000032  0.013276  0.001480  -0.007769  0.027118 
2 0.137735  1.455688  2.517567  3.414971  3.020270  3.421737  0.001276  -0.001134  0.000033  -0.000779  0.000125  -0.001134  0.051902  -0.001617  0.039879  0.014694  0.000033  -0.001617  0.024878  0.016349  0.001540  -0.000779  0.039879  0.016349  0.064980  -0.005900  0.000125  0.014694  0.001540  -0.005900  0.020959 
3 0.060400  1.456879  3.279357  3.398764  3.460101  3.377353  0.001202  -0.001167  -0.000039  -0.000614  0.000022  -0.001167  0.027665  -0.006614  0.006014  0.003186  -0.000039  -0.006614  0.026213  0.000224  0.008129  -0.000614  0.006014  0.000224  0.010524  0.000126  0.000022  0.003186  0.008129  0.000126  0.037791 
4 0.070033  1.452911  3.156601  3.520732  3.022597  3.540789  0.001178  0.000088  -0.000282  -0.000180  0.000089  0.000088  0.068050  -0.001004  0.011465  0.012213  -0.000282  -0.001004  0.012370  0.007414  0.000662  -0.000180  0.011465  0.007414  0.044570  -0.004990  0.000089  0.012213  0.000662  -0.004990  0.007027 
5 0.126269  1.456992  2.681140  3.366974  3.012703  3.439524  0.001216  -0.002257  0.000165  -0.001552  -0.000028  -0.002257  0.073212  -0.008334  0.075373  -0.000904  0.000165  -0.008334  0.027036  0.007209  0.001904  -0.001552  0.075373  0.007209  0.121626  -0.025450  -0.000028  -0.000904  0.001904  -0.025450  0.022777 
6 0.081795  1.461524  2.193203  3.523292  2.513186  3.475943  0.001306  -0.001457  0.000298  -0.000283  -0.000456  -0.001457  0.018658  -0.000433  0.009400  0.010905  0.000298  -0.000433  0.008206  0.005070  0.002001  -0.000283  0.009400  0.005070  0.036887  -0.006107  -0.000456  0.010905  0.002001  -0.006107  0.017936 
7 0.095037  1.453908  3.170389  3.361321  2.906846  3.220701  0.001028  -0.000391  -0.000149  -0.000903  -0.000004  -0.000391  0.085015  -0.014118  0.048087  0.013922  -0.000149  -0.014118  0.027615  0.019852  -0.006867  -0.000903  0.048087  0.019852  0.077942  -0.012303  -0.000004  0.013922  -0.006867  -0.012303  0.027466 
8 0.072605  1.453514  2.696513  3.465265  3.209726  3.172952  0.001107  -0.000448  0.000071  0.000118  0.000271  -0.000448  0.057397  -0.005386  0.035620  0.003621  0.000071  -0.005386  0.014692  -0.001518  0.000093  0.000118  0.035620  -0.001518  0.056651  -0.007812  0.000271  0.003621  0.000093  -0.007812  0.012823 
9 0.089946  1.453232  2.773148  3.167365  2.820059  3.347939  0.001050  -0.000341  -0.000256  -0.000558  -0.000023  -0.000341  0.109452  -0.006927  0.078572  0.015209  -0.000256  -0.006927  0.015773  -0.006291  0.002539  -0.000558  0.078572  -0.006291  0.103984  -0.012292  -0.000023  0.015209  0.002539  -0.012292  0.027020 
